,0,1,2,3,4,5,6,7,8,9,10,11,12,13,14,15,16,17,18,19,20,21,22,23,24,25,26,27,28,29,30,31
acquired_abnormality,1.993568,-0.79571724,0.10443614,1.6423143,0.97081566,0.16474125,-0.17690791,-0.94338095,0.93882036,-0.09621048,-1.5657302,-1.0881655,1.3705823,-0.050970234,-0.74297434,-0.44471616,-1.0117192,0.65830815,-1.836935,0.74882823,1.1454761,-2.5004997,1.8692704,-1.1469995,-1.7709314,-2.2722404,-0.40929118,0.52215654,1.2734858,-3.376537,2.196825,-0.9006638
activity,1.5967784,-0.28321853,-0.20646454,1.6030606,1.5016935,-0.27667484,-1.015379,-0.10212891,0.6622616,-0.031133508,-3.0486858,0.49503517,0.37094158,0.03194044,1.282097,-0.23066628,-0.20710434,3.601346,0.75998837,0.8233536,-1.712248,-2.7442796,0.56177074,-1.8698459,-0.5341516,-0.9738213,-2.4636607,-5.730876,1.0369049,-0.42670882,-1.0826008,3.249919
age_group,2.11484,1.4530585,-0.11417448,1.154653,0.3843152,-1.1006253,-0.9413627,-0.93876904,0.6292938,0.12475633,-1.9906306,-0.07316437,0.3372332,0.4496538,0.59923136,-0.5478429,2.2725217,1.7647716,-3.497797,0.87858397,0.36113846,-2.6174512,0.5352892,0.18228443,1.09359,0.7817005,1.0767419,-2.0474908,-2.7114697,-2.1204748,2.3339808,2.3807068
alga,1.7319958,0.22290486,-0.11711171,0.07851498,1.3269246,-1.3667028,-1.6081002,-2.628545,0.7171725,-0.5894249,-2.1900492,-0.062272035,-1.0407238,0.01513028,-0.08051331,0.20887661,0.5314153,-2.0984337,-3.3381476,2.495242,-1.0970275,0.5283071,2.9034123,-0.67209184,-0.55352587,1.3115644,-0.9087145,4.6075907,3.673236,-2.0559945,-2.412005,1.6249136
amino_acid_peptide_or_protein,1.4606609,-0.8234404,-0.51962185,0.8256452,2.4337566,-1.8860055,-1.9230165,-1.2601829,1.6009685,-2.1399572,-0.89071983,-0.73880637,1.563845,1.1619866,0.2455121,1.0112449,-0.7964515,-0.5408662,2.6728225,-3.007319,-4.172556,0.35817048,0.12144718,-0.05607017,1.4366802,-0.83723384,-1.5455377,2.9798667,-1.3404559,-3.1495473,3.729391,1.4470986
amino_acid_sequence,2.4212573,-0.119868465,-0.48667097,-0.01266803,0.9598896,-1.734834,-1.161029,-0.8275567,0.06785121,0.255742,-3.0237598,0.18294428,-0.13948472,-0.2862551,-0.04795587,0.014885375,-1.4868107,1.5585982,0.39081815,1.4276102,-3.2838526,-2.2745347,-1.8403851,2.9927397,1.14782,1.4295897,-0.29842252,-5.8135934,-0.14854902,-1.452763,0.8647583,1.8662261
amphibian,2.0886772,-0.84366655,0.121782824,0.6716879,0.83791643,-0.46351406,-1.4641993,-0.78861535,-0.97237915,-0.781745,-1.9439389,0.13948968,0.6357858,-0.063370936,-0.2238029,-0.6538693,0.30488092,-0.8459055,-0.45961022,1.5871503,0.002916635,3.02681,1.2172495,2.6583934,2.3405404,1.900319,-2.5658998,1.7910353,3.8287475,-2.8494103,-1.8260459,0.67893416
anatomical_abnormality,1.5497814,-1.1801463,0.83536786,0.9323698,1.0932143,0.20765065,-0.78350025,-0.42970112,0.30335388,0.10596833,-1.5062939,-0.82403046,1.0192599,-0.36796853,-1.0995576,0.05913712,-1.4366829,-0.29999927,-0.47517845,0.9476173,1.5820931,-2.7060015,1.7643155,-1.8247207,-0.874401,-1.9554343,-0.6710344,0.48976606,0.8533595,-3.027444,2.766684,2.1174943
anatomical_structure,1.4877348,0.016816286,0.45502055,0.22919402,1.8664705,-0.22568749,-1.0956793,-3.010716,-0.02994987,-0.7152545,-2.2130444,-0.78988427,-0.8019825,0.14542973,0.49419793,-0.6238623,1.0265623,0.7783009,-1.330072,1.4595174,-2.6049201,-1.0721815,1.0641451,-0.9952748,3.552184,1.2238832,-2.7515109,0.7371697,-2.5716481,0.3770845,4.0201178,-0.16320813
animal,1.5453628,0.050267972,0.6834473,0.38053283,1.1111348,-1.2434181,-1.2992116,-1.5694078,-0.62026733,-0.042551234,-1.9883347,1.0284059,0.56072706,0.42176154,0.6596496,-0.12942019,0.745493,1.6388681,-1.1456904,1.5808523,-0.4766174,2.6757364,0.20056596,1.0903076,1.3671362,-0.7297647,-2.527233,2.713103,3.0627723,-2.0748732,-1.8305434,2.8337746
antibiotic,1.869714,-1.7057109,-0.30595216,1.2257429,1.4868921,-0.8848542,-0.6219353,-1.3635192,0.35189858,-0.37238318,-2.1597326,0.1022132,0.9388674,-0.81543744,0.76721615,-0.06381099,0.23731658,-2.457718,-0.5089955,-0.6782832,-1.2153239,-0.048344225,-1.3057774,-1.4343528,0.017591119,-0.56758493,0.71280223,-2.6982036,-3.9515512,-1.8697777,1.5915701,3.669445
archaeon,2.5027878,0.56246334,-0.068231955,-0.16717178,1.2500223,-1.2827187,-2.1679578,-0.22862248,-0.68013364,-1.2202857,-1.328539,0.13228431,1.2867819,0.3070272,1.4031805,-0.7113447,0.22648661,-0.49045786,0.41721097,2.0052688,-0.24817942,3.637065,0.8791783,3.7712903,0.9421839,0.51352185,-2.6352944,0.44854563,2.1036453,-0.8475268,-2.9913092,1.2439789
bacterium,1.4449482,0.24700871,0.008668575,0.5679634,1.1255229,-0.6215925,-1.1407743,-1.705915,-0.47837308,-0.016384829,-1.934771,-0.52648413,0.36457282,0.66812676,1.3151625,0.31209895,0.08923662,-1.3198764,3.8258572,2.4519105,-0.8133461,0.6873908,1.8675289,3.1074548,2.158943,-1.8629733,-0.5769642,1.8060417,3.7226367,-0.6855263,-1.3930597,2.0430062
behavior,0.70619655,-0.9547702,0.92857105,1.0510058,1.0417105,-0.041170623,-0.87960625,-1.5827138,1.2296994,0.07100984,-2.047234,1.1734505,-0.18058947,0.0250355,-0.11210483,-0.6395323,0.62428933,2.6935644,-5.3924394,-2.6823037,0.4518974,-1.0374824,1.0811168,1.159987,-0.81082654,0.22213092,-0.68989503,-3.9904273,1.7009728,0.30185437,0.90924567,1.300792
biologic_function,1.5250603,-0.6391457,0.82881033,2.05235,1.4425721,0.36758068,-1.0275109,0.009272261,-0.5043099,-0.86318344,-0.9521851,0.3367135,0.16651687,1.5554092,-0.87708104,-0.13035245,-0.5281004,-2.2328556,-1.7124367,0.84642667,1.4675395,-1.9325738,-1.8127693,0.5470951,1.8614622,-1.3175453,0.12576485,0.9842682,4.234492,-1.4651045,2.8374596,-0.5517908
biologically_active_substance,1.4645376,-1.1597009,0.47482926,0.6158871,1.1706752,-1.0311481,-1.3668828,-1.9927851,0.6295061,-0.83243734,-1.446538,0.29586026,1.0742093,-0.822548,0.24340396,0.7124028,-0.13428864,-3.4905338,2.021979,-1.514972,-1.1717861,0.7076253,1.1009636,-0.54210496,0.53117657,-0.6587127,-0.0575874,2.0514398,-3.8171422,-1.203061,-0.37795842,1.7287993
biomedical_occupation_or_discipline,0.76635176,-1.3493919,-0.23251332,1.0913302,0.608047,-1.2914952,-1.185524,-0.19950739,-1.0345153,0.58801645,-1.3842988,-0.058261566,-0.7063868,0.1942481,0.8936188,-0.4284494,-2.0929008,1.4944285,-1.9533155,-3.3354793,-2.1210012,0.82219267,0.24231666,0.34341097,1.0851785,0.5605449,1.7337304,1.824629,0.6245347,1.8638854,-0.27630988,-1.3172045
biomedical_or_dental_material,1.6205729,-1.6966039,-0.7527434,0.59899265,2.557418,-2.2044802,-1.396402,0.0122095095,1.4506657,-0.018529408,-1.8624461,-0.30782056,0.3238801,0.05479405,1.1185478,-0.45353845,0.49769202,-1.7135069,3.3041754,-0.9160348,-1.7299148,1.721362,-0.37652114,-0.96687895,1.0537188,0.17553617,-0.16707827,-0.41916442,-3.2254834,-1.9993564,2.34181,2.6679108
bird,1.9765904,-0.24657261,-0.13915113,0.9733396,0.715913,-0.5259449,-1.6873701,-0.22037666,-0.19120854,-0.19681333,-1.7361761,-0.49971837,0.5946786,-0.07556007,1.6014614,-0.64413625,0.95595694,-0.7676221,-3.070347,0.94053787,-0.017437382,1.163366,1.4339088,3.002455,0.06240939,0.57993233,-2.309392,1.7348663,2.9596343,-2.3135562,-2.832823,2.5848587
body_location_or_region,1.920361,0.8333868,-0.39510426,0.8072155,1.9456894,-1.4579628,-1.5404059,-0.62538564,-0.7167666,-0.74549806,-1.3215766,-0.14980729,1.0067431,0.11172709,-0.057030514,-0.74671245,-0.7810196,-0.94148576,-1.1327894,-0.10467444,-4.0160527,-3.12452,0.9585475,0.4922653,1.8156449,1.33322,-1.1198108,-1.86512,0.9971917,1.8252879,-1.0623517,0.56339455
body_part_organ_or_organ_component,1.5026093,0.045371756,0.0096916575,0.70349634,0.80856276,-1.3186622,-1.5210061,-0.51305425,0.8856024,-0.589693,-1.5484166,0.020482523,1.539241,0.23332633,0.052813325,-0.52863544,-1.8605357,-1.7754856,0.106408484,0.0912848,-2.8765376,-2.6667247,2.5969036,-0.5908773,0.91626394,1.7797425,-1.5075098,-2.339139,-1.4511291,-2.08211,2.9537697,-1.8322736
body_space_or_junction,1.8237343,1.5128319,0.18361424,0.31394055,2.1416502,-1.0250854,-0.894817,-1.2389201,-0.8741969,-1.4846413,-1.3545228,0.63110954,0.7306025,-0.5651218,-0.14112946,1.3178955,-0.3939002,-3.3099544,-0.39071065,-0.17261167,-4.3998456,-2.6989903,1.7956678,0.810193,-0.99567515,-0.53359145,-0.45864582,-1.6534739,-0.18259169,-1.6291527,-1.215288,0.43368196
body_substance,1.7780406,-0.8788347,0.5248355,1.0618124,0.43864065,-0.89688057,-2.299399,-1.0758907,1.0798182,-0.9083122,-1.7360896,1.4664112,-0.030505639,0.45446837,0.84226745,0.52072257,-0.5937725,-4.187588,-2.396256,-1.1225518,-2.5965838,-2.5139475,0.951153,0.5464943,2.0061684,-0.89956576,1.5535388,-2.4560392,-3.1094427,-0.9837783,-2.0363295,-0.9235435
body_system,2.3056564,-0.6358797,-0.42089057,0.22586611,1.0685165,0.56782687,-0.8663607,-0.3496385,-0.7213254,-0.119202994,-2.4162874,-0.16964278,0.23195454,0.08842728,0.4500575,-0.24246857,0.5443276,-0.5241664,-3.3478265,1.6548724,-4.0308213,-4.018958,0.48055923,2.6221063,1.0279261,-1.2468841,0.07716845,1.6285572,0.5472719,-0.8103443,0.5121479,0.92096573
carbohydrate,1.4742246,-1.0929503,-0.7403508,0.008608734,1.8627136,-0.47624287,-2.26564,-0.53583246,1.0335457,-0.14499485,-1.8835529,1.0993398,1.5143342,0.7177717,0.7321721,-0.42898402,-1.1316185,-0.17664072,2.2396836,-3.163044,-2.9747648,-1.1941036,-1.5252087,1.2833873,1.1178937,-0.46172452,0.25951377,4.2805333,-2.332022,-2.7997308,2.9147213,1.5460255
carbohydrate_sequence,2.3096077,-0.35937345,-0.55216867,0.53077656,2.0116963,-1.0150173,-0.65633553,-0.94819796,-0.5367183,-0.39877838,-1.9769621,0.051627647,0.33159953,-0.35113624,0.1749283,-0.58034396,-0.47917822,0.07569216,0.26303163,-0.32661152,-4.1146812,-1.3943537,-1.3272698,2.0156865,2.3364058,1.8720595,-0.8969427,-4.696478,-0.112718366,-1.2457997,1.3027918,1.8860428
cell,1.58862,0.3342599,-0.43859735,1.5531341,2.3256536,-0.88497454,-1.4862125,-0.63723874,0.43859595,0.6995079,-1.6845483,0.2991715,1.7781084,0.895446,-0.23102261,-0.58065766,-0.67833936,-2.6587908,2.301407,0.6546061,-3.7177308,-2.9093454,3.4243221,-0.30474886,0.5653942,2.7969918,-2.1926832,-2.0225315,-1.430209,-1.5558478,0.36656958,0.20018163
cell_component,1.0039119,-0.25598237,-0.07181287,0.98857117,1.2945958,-0.5396122,-2.684057,-1.3176941,0.9691469,-0.24111322,-1.6425802,0.7070381,1.427624,0.41310394,0.017236892,-0.33141983,-0.73184216,-2.2080674,-1.8429999,2.3302398,-2.3282328,-1.3894306,2.0594876,0.1628914,0.930681,2.5107958,-0.789122,-3.1590304,-1.5866662,-0.64461315,3.0398157,-1.763425
cell_function,1.6093124,-0.27987468,-0.79823273,0.7304997,1.7897463,-1.1171615,-0.016322961,-0.34119624,0.43018368,0.17469928,-0.8044141,1.6625669,0.16975245,-0.54699814,-0.73800415,0.5401863,-1.7155983,-2.817008,0.4077552,1.5819756,1.789657,-0.9905147,-2.433435,0.35018736,3.153034,1.1774964,-0.08649336,-1.6725218,3.086175,-3.1052537,1.8956622,2.305983
cell_or_molecular_dysfunction,1.4325323,-0.95291185,0.019074524,1.1098685,1.0712898,-0.4423727,-0.7899954,-0.48972467,-0.9376438,-0.9418628,-1.0470554,0.16366887,0.5563234,-0.21695493,-1.519591,0.050886232,-0.7132574,-2.7557676,0.9077449,-0.071995325,2.2649326,-1.953096,0.74363667,-0.9033254,-2.5084715,-1.6840149,0.43632713,1.6733731,2.908677,-2.9345531,1.6425483,0.25788268
chemical,1.5425676,-2.2208774,-0.3960612,-0.24001999,2.2424662,-0.075884536,-1.0604385,-0.83166486,0.7963983,-0.74831903,-1.9910178,-0.16385773,-0.20062993,-0.039941173,1.2889764,-0.51261514,0.71405876,-0.23802279,-0.16870295,-2.4876552,-0.14604555,0.043001246,-2.095625,0.335469,0.9712945,0.2376922,-1.3806587,0.96622044,-3.3740892,-0.95034003,0.02456896,3.9776256
chemical_viewed_functionally,2.3274655,-1.5593456,-0.10256107,0.24888138,2.0871027,0.58175176,-1.1539729,-0.5192249,0.5426556,-0.86968714,-0.8783519,0.5627027,0.9948161,-0.31168625,0.7798555,-0.3746407,-0.088543,-0.30975112,0.8853968,-1.9927993,-0.3354724,0.77050984,-2.641748,-0.4277584,1.3299423,1.115026,-0.5948216,-0.7294011,-3.5007074,-2.7222047,0.6393855,2.283751
chemical_viewed_structurally,1.7602454,-2.4012876,-0.22446921,1.5869808,1.2674462,0.39667812,-1.4637479,-0.4496307,1.5069988,-0.54019207,-1.7507354,-0.099532664,0.81051296,0.93099076,0.6598252,-0.39764172,0.18591873,1.1115716,1.9601418,-2.7952385,-1.5026428,-1.4358896,-3.0167103,-0.43524897,3.468415,-0.12402903,-0.721829,0.5859528,-1.399766,-1.7026256,1.9209008,1.9575503
classification,1.7656944,-0.26444605,-1.6907326,-0.26000148,1.5956602,-0.26765805,-2.5413566,-2.227387,0.30194756,-0.79740417,-2.045085,-0.14669187,-0.4832737,-0.4075892,0.93293893,-0.4048423,2.0986075,2.888597,2.307251,-0.42318687,-2.4133935,0.5806109,1.6744925,-0.21552853,0.45512065,2.132425,2.2213814,0.20482934,1.8006995,0.22530031,2.1854613,2.7190444
clinical_attribute,1.3825314,0.4092398,0.7473871,0.6781748,1.4833617,-1.1573052,-1.626608,-1.4124262,-0.18623038,-1.3069667,-1.4254726,-0.16231439,0.16508827,0.37649354,2.1140225,-0.28758326,-0.1818214,-2.3904476,-0.0340473,-2.4420366,0.6957182,-4.3417726,1.5845511,-1.5387547,0.89770436,2.21822,0.4478862,1.5621574,0.9492379,-2.2051585,-1.1989359,0.15627363
clinical_drug,1.8031336,0.1093386,0.12420657,0.48429236,1.757671,0.6030906,-0.8823466,-2.0754936,-0.62348586,-0.94143736,-2.1387916,-0.20643975,0.043423317,0.6871932,0.27843863,-0.014316809,2.9869719,1.839466,2.9694004,0.20001778,-2.191417,-0.33664525,1.184357,-0.266595,4.147745,2.0593421,2.700813,2.7505908,-0.559331,-3.3654554,-1.1527349,4.455686
conceptual_entity,1.4360586,0.23137711,-0.29286104,0.4782755,0.8104501,0.37419966,-0.94588864,-0.286211,-1.9298633,-0.10609572,-2.684594,0.28656617,1.9247189,-0.22983481,0.62962633,-0.6639152,2.6355271,0.24274524,0.9357366,-0.9982649,-2.855085,-3.3608575,-0.7596583,0.61196494,0.056750834,1.5397024,-0.1849018,-0.797174,0.135846,-2.2284565,0.06748122,1.9493655
congenital_abnormality,1.6639203,-0.98072034,1.3305902,1.7464607,1.0174872,0.35173815,-0.8317693,-0.34506187,0.66828537,0.18187319,-1.6833051,-0.88231045,1.4946922,-0.36234736,-0.8089255,-0.04542556,-1.1259023,0.14843416,-0.37442318,0.9220037,1.2041103,-2.7643669,1.6147139,-1.849553,-1.4502479,-1.63318,-0.2814138,0.23089676,1.3601034,-3.2590964,2.2592566,-0.05879411
daily_or_recreational_activity,1.8179221,-0.4054453,0.62115437,1.4412564,3.0985487,-1.0194783,-0.96854156,-1.9391493,-0.44630754,-0.4033447,-1.1583781,0.18713209,0.37188664,-0.40935487,1.6476645,0.44447494,-1.6467445,2.0895019,-1.0755848,3.0985227,-1.1661613,-3.27942,1.3777492,0.45417008,1.9392953,1.3693963,-2.5137112,-4.283141,-0.45401216,-1.2442118,3.3964002,1.4595313
diagnostic_procedure,1.289693,-1.3672074,0.7374208,0.065146625,1.2583503,-0.52461255,-0.9826392,-0.43300125,-1.0894372,-0.10296687,-2.0634065,-0.3693772,0.69478106,0.31902543,1.2962003,-0.5040286,-1.0468962,3.2940342,1.2065651,2.8671637,-0.22828926,-2.1669056,0.74042636,3.2746236,1.8104796,-1.5934016,-0.064079545,-4.315308,0.23671967,0.26772213,0.77720016,1.0167274
disease_or_syndrome,1.1291444,-0.6514885,0.95096254,0.6459805,1.4573331,-0.12823884,-0.26183408,-0.7983623,-0.73607963,-0.74726605,-0.96682215,-0.30251977,0.34696668,-0.10966638,-1.2113003,0.05145231,-0.7298737,-2.631491,1.3496584,0.3828536,1.926383,-1.6818318,0.3627934,-0.3125266,-2.4080024,-2.249901,0.5968359,-0.27864197,2.4003558,-1.8643461,2.3459775,1.2396538
drug_delivery_device,1.5774074,-1.2043196,-0.19588888,-0.040425267,2.28257,-0.45895416,-1.213236,-2.039208,-0.1946376,-0.55521214,-2.0256736,0.7457634,0.27565116,-0.18559462,0.59493995,0.20487137,1.3966167,1.0210168,0.9745694,2.5613391,-1.7869564,1.0094168,-0.18523213,-1.0508318,2.2383378,-1.0770273,2.6006105,2.4398808,0.9774015,-1.0766715,0.9020051,3.2243903
educational_activity,1.8726501,0.44825295,0.1347436,0.017705413,1.1692961,0.30122054,-1.0033801,-1.5357945,-0.8068399,-0.99368435,-2.2923656,-0.09519981,0.53973013,0.5965012,0.6009013,0.5516524,-1.8516834,3.7162626,2.7171867,3.4484775,-1.9407378,-1.3529004,0.46250802,0.26222277,2.8237185,-1.4254104,-1.3150297,-4.0497894,-0.35417426,0.13285959,3.1303995,2.109676
eicosanoid,1.6943836,-1.058409,-0.64749205,0.37769538,2.1800382,-1.5373509,-1.8049451,-1.2425284,0.66368616,-0.62028676,-1.5075794,-0.34193382,2.0758328,-0.67019516,0.51296014,0.18973376,0.0345585,-1.0777391,2.160904,-2.4315372,-2.8415382,-1.5579094,-1.7157974,0.6657424,0.50184196,-1.2883725,0.16573313,0.0846014,-2.9174562,-1.8989681,4.492136,1.3323137
element_ion_or_isotope,1.5418537,-2.0199454,0.13579793,0.24602927,1.496096,-0.7453052,-1.4190738,-1.693486,1.4240797,0.16524146,-1.8400246,0.33034694,0.8323778,0.4372789,0.57770306,0.64874446,-0.17527243,-2.1462555,-2.509906,-2.3846166,-1.4736768,-0.11525818,0.02175727,-1.2372963,1.2958882,-0.4434384,-0.9288707,0.63464576,-1.9631281,-2.226693,1.6546019,1.3320382
embryonic_structure,1.8447385,1.5807883,-0.6034809,1.7063633,0.9008499,-0.21797013,-1.0375143,-1.2319236,-0.07306682,0.62377554,-2.3384697,-0.64350903,1.1019038,-0.07863849,-0.43822482,0.07861737,-1.1416632,-1.3587191,-1.1438876,3.0038671,-2.3135293,-0.20678389,0.22112842,-0.8182592,-0.7639709,0.51849633,-1.7664927,-4.4226155,-2.1032355,-4.136646,-1.3601421,-0.8832466
entity,1.3243259,0.22279291,-0.5204141,-0.08273718,1.3627476,0.73929447,0.30009222,-1.6147262,-1.6847135,-0.75872743,-1.5690106,2.256697,0.5340678,0.230977,0.98548114,-0.6697356,2.3654106,0.40465125,-1.6795397,-1.3880483,-2.4021554,-0.14988525,-0.8407291,-1.1839032,-0.08741075,0.49345163,-1.609341,0.5121636,-0.29140604,-0.85831463,-0.17717479,-1.074709
environmental_effect_of_humans,1.7621521,0.5936071,1.1420009,0.34178677,1.2080164,-1.4180304,-0.9856412,-0.223953,0.20586996,-1.120835,-1.8128065,-0.15446375,0.2819507,-0.2066254,1.3238394,0.098425925,-2.2113616,0.9273084,-2.159399,0.7445372,1.1657928,-2.9749544,-0.7570302,1.2922717,1.1697314,0.13333932,-3.9096012,-0.60397935,-0.93163085,-2.0776753,-0.026797002,-0.8469056
enzyme,1.4068439,-1.3954148,0.23833558,1.5255669,1.3086091,-0.9834935,-2.0311096,-1.8000144,0.07173161,-0.9245879,-1.1669029,0.093734294,0.76017725,-0.88208026,0.25927415,0.06764326,0.5615663,-3.1497245,0.67094874,-0.5759899,-0.9607254,1.0061158,0.25689903,0.49842086,1.8005052,-1.154495,0.3542281,3.853575,-3.7784379,-1.3699061,0.554815,2.0059378
event,2.0780408,-0.9277005,-0.6456054,1.0765718,0.2822552,-0.97674394,-1.4294226,-1.70041,0.23889056,-0.6044916,-2.349838,-1.0823289,-0.983616,0.24151461,0.4068169,-0.5696631,0.294041,1.155343,1.4701419,1.5023797,-1.2064663,-3.699375,-0.41220418,-1.7479975,-0.8705751,-1.4040639,-2.1301403,-3.5361252,3.7134645,1.8107756,1.4231637,1.5056081
experimental_model_of_disease,1.3646951,-0.180897,0.7566476,0.83279806,1.2297661,-0.9571921,-0.6326574,-1.068881,-0.48984852,-0.05578646,-0.8447988,-0.12652697,0.25280055,0.22515875,-1.2058636,-0.26047888,-0.5668694,-2.201501,0.83092904,0.3349609,1.9635476,-1.406333,0.78022444,-0.43466195,-2.109642,-2.5026855,1.2884856,2.4206007,2.0630214,-2.2891145,1.472104,-0.83876646
family_group,2.0917623,1.4110862,0.2262024,0.15460166,0.6367123,-0.63450915,-1.3077176,-0.78802603,-1.1744177,-0.5871103,-1.9773608,-0.70469517,0.13429677,0.37187943,0.21960194,-0.42176947,1.939082,1.1354072,-4.144908,0.68595505,-0.5717168,-2.3905933,0.9899308,-0.55567604,1.2384332,0.49047413,1.3604187,-1.6105347,-2.6571105,-2.6666555,3.2185445,2.154535
finding,1.5801548,-1.5356569,-0.06140438,0.9858534,1.6576523,-1.240559,-0.9161031,-1.1274191,-1.3785326,-0.35369515,-1.388795,-0.7575161,0.007146935,0.14540246,0.7823136,-0.4052366,-0.8235913,2.8042278,-2.3653018,1.4308456,-1.5437865,-0.28016704,0.22747502,-3.66032,-0.009031466,2.974593,-0.9875036,-0.48632914,1.0720005,0.46291712,0.7424282,1.0127783
fish,2.3381271,-0.5942207,-0.06178026,1.6654146,0.4569485,-0.63043875,-1.6909142,-1.3883622,-0.09917834,-0.3837387,-1.5146238,-0.81742007,0.9161795,-0.10960078,0.75755394,-0.33723983,0.19225687,-1.6016332,1.481994,1.4248255,1.1035334,3.033495,1.8921045,1.9732087,1.2631636,1.6201749,-3.209618,2.652566,4.0469933,-0.53090984,-2.2102265,1.6383216
food,1.9007032,-1.1536211,0.47457036,0.1004925,0.27497908,-2.2623436,-1.5997739,-2.0646436,0.70793575,-1.2782034,-3.0064995,-0.33307427,1.0833664,0.21990582,2.0260816,-0.30856496,-0.79963684,-1.2065604,0.3567016,0.5224593,-2.572397,1.2666382,0.97160333,-0.60548806,1.5204856,-3.102931,0.38024393,-1.2446488,-0.9706872,-1.9942145,1.2259468,0.3493159
fully_formed_anatomical_structure,1.2572367,1.1253688,0.504321,0.4050019,1.2380126,-0.29942507,-1.7033975,0.30700552,0.12583569,-0.9380494,-1.6559379,-0.50623375,0.78181463,0.6223466,0.18929802,-0.5085787,-0.6016909,-1.0266849,2.1750603,1.3445371,-3.4801602,-2.384619,-0.5243892,-0.04057903,-0.40986946,3.3196816,-1.7881671,-0.1601025,-0.18478557,0.0035939012,2.401559,-0.77025247
functional_concept,2.270435,-0.10431143,-0.80191934,1.7404714,2.4935606,0.07882147,-1.3054904,-0.553284,0.38994923,-1.2545823,-2.0831106,0.5801711,-0.87491256,0.37303168,0.26712143,0.4806347,1.9880832,2.5781496,-3.6652234,2.9713774,-3.0227568,-3.4124358,-0.08162539,2.5584977,1.4894385,0.51205087,0.14919326,2.6133392,0.27161333,-2.267354,1.0138997,0.5981623
fungus,1.8511157,0.47667098,0.6430818,-0.12886812,2.3046083,-1.537744,-1.5625784,-1.5039475,-0.73014516,-0.40550008,-1.6634892,-0.78267086,-0.6746892,-0.42374656,1.1665846,-1.9284035,-0.23821278,0.7639161,0.25392398,2.6087768,0.029005837,0.8089722,3.2657337,1.7108967,2.453651,-0.123708986,-0.5646116,1.1291064,4.3461704,-1.3935091,-3.3323636,1.4010099
gene_or_genome,1.8529068,0.29894543,-0.09870086,0.41994578,1.0698233,-0.79336333,-1.8953537,-0.21909471,-0.039589282,0.30261007,-2.0668275,0.39887562,1.9528801,0.21679859,0.5532399,-0.48995632,-1.358154,-0.72036725,0.58926046,1.4597024,-3.9423306,-1.9515058,1.6931427,0.18668178,0.6315845,3.0878067,-1.1070763,-1.5399715,-1.4803786,-0.2357182,3.9320283,-1.4183713
genetic_function,1.4132112,0.31898344,-0.58070135,0.5575595,1.256225,-1.8067982,0.09689858,0.09604487,1.050097,-0.47064817,-1.1308475,0.9247541,0.2983622,0.45368415,-0.574426,-0.0054534655,-1.8312548,-2.284464,0.4310074,0.7306691,1.7062447,-1.1787492,-1.9022927,0.24701098,3.0150323,1.5398442,-0.013075707,0.34657368,3.3477838,-2.5010464,2.1205955,1.6234531
geographic_area,2.2228415,-0.21902126,-0.58302134,-0.2090685,1.5549284,-1.0423173,-1.7429696,-0.68882376,-0.4281761,-0.8175399,-1.3345939,-0.118668094,-0.3477137,0.53983206,1.7375104,-0.45666358,0.015548779,-0.37813407,-1.100652,-0.55029744,-0.78846544,0.004619777,0.71808237,-1.1638237,2.9638562,1.3250004,0.61204183,-5.655288,-0.14025113,-3.5095212,1.2809036,2.4273417
governmental_or_regulatory_activity,1.6524907,-0.4851133,-0.12872818,0.57471967,1.3847244,-0.8910193,-0.9992806,-1.6431247,-0.17811595,-1.3847642,-1.5678138,0.57214445,-0.07524001,0.23165189,1.0950155,-0.42607152,-2.337061,4.0824513,1.0243076,3.469044,-2.6310096,-2.9391015,0.03632517,-0.83767635,1.3900784,2.0921755,-1.2006856,-1.3944542,0.77626276,0.71118903,1.8160044,2.663773
group,2.4686894,1.8019521,0.12881772,1.4530244,0.36294645,-1.1578134,-1.1872805,-0.13857016,-0.82161903,-0.4363465,-1.7821097,0.54963183,0.34410614,0.59114975,0.23860382,-0.47298366,2.9204392,1.3545003,-1.628668,1.5259749,0.26565427,-2.6910424,2.0088763,-0.2813463,1.5559906,0.63663685,0.6229325,-2.4332495,-1.9696609,-2.3751662,2.6918354,2.8190165
group_attribute,2.648615,-0.5853964,0.29128668,1.1695616,1.5346026,-1.9109294,-1.4345245,-0.3936875,-0.047256254,-0.61935216,-2.1121447,-0.592874,-0.6674043,-0.09549676,-0.11689506,0.48030904,1.5589004,1.6604143,-2.7399576,-1.5423539,-0.39188695,-1.6397483,2.1380045,-1.4178538,2.8408813,1.4820352,1.0826122,-0.75997525,-0.5124302,-2.5001338,1.0824491,0.31948197
hazardous_or_poisonous_substance,1.5092549,-0.46045813,0.328155,0.7198438,2.0332096,0.12760119,-1.4674568,-0.93423426,0.52335715,-0.59618807,-1.8049219,0.1417368,1.1209425,-0.89278466,0.7262559,0.22931497,-0.5973248,-3.7794137,-2.7038684,-0.27471256,-0.40202194,2.1998465,-0.9739679,-0.022845663,0.84625083,-2.229601,-2.0515752,-0.7658931,-2.8154807,0.73018885,1.7348163,2.3186934
health_care_activity,1.3855124,-1.0425566,-0.3559407,-0.20855607,2.0025253,-0.6538335,-1.7266378,-0.6907144,-0.45748988,-1.5000894,-1.7814213,0.18093626,-0.18657745,0.88678014,0.8100901,0.22333235,-0.82481015,3.5369055,2.5596566,4.5116553,-0.44815445,-1.7753874,-0.2941732,0.2843046,3.7785258,-1.340193,-1.0922607,-2.8641353,1.049425,-2.479722,-0.3538076,2.0097468
health_care_related_organization,1.9528224,-1.8165538,-1.0965127,1.1071305,1.5185493,-0.32682082,-0.50541776,-0.20911926,-0.4005197,-1.5441142,-2.472669,0.31563804,-0.33445027,-0.35271055,0.4690983,-0.2643147,0.11319751,3.127231,-3.568419,2.723912,-2.3517282,-2.8196297,-1.4657513,1.1625396,0.8882526,2.209921,0.34196678,-1.1913869,-1.3121487,-1.217504,1.674494,1.7439077
hormone,1.4967157,-1.1124691,-0.50014025,1.9272617,0.9740626,-0.8901985,-1.9000101,-1.152985,0.3488421,-1.1693813,-1.197908,0.95190626,0.90073484,-0.70111054,0.67987144,0.54063934,0.81070983,-2.6261544,3.5467668,-0.7481168,-0.71447355,0.62755316,0.4283333,1.459351,1.3519104,-0.54382527,0.7388668,-0.29119205,-3.7005644,-2.1739569,1.4497167,0.98248607
human,1.4716476,-0.9883803,0.22490694,0.7949585,1.0232666,0.044762775,-1.135577,-1.5883543,0.23499838,-0.87605417,-1.757313,-0.7761808,0.92613316,-1.3427588,0.31518805,-0.5157731,0.91539884,-2.0732691,-2.3274896,1.1872694,0.30255866,2.5010524,1.6409739,3.4935415,2.1025493,0.577562,-2.7804084,2.37049,2.033389,-3.515183,-1.2899233,1.1273861
human_caused_phenomenon_or_process,1.919438,-0.13476622,0.81184536,1.0325497,2.1178682,-0.068948396,-0.7908098,-1.8253825,0.32563415,-0.23512058,-1.6490307,-0.5014823,-0.44445372,-0.15172486,0.23541602,0.39502618,-2.0438707,2.7912734,-3.6948707,-0.49549434,0.9222658,-2.9801579,-0.79674256,0.9555836,0.019307304,-0.8272809,-4.3226905,1.0255951,-0.5161248,-2.0941427,0.23707202,2.8148804
idea_or_concept,1.9256768,-0.3030528,-0.019591065,-0.4910991,1.0553141,-0.11583018,-0.55614495,-0.26242962,-1.1093141,-0.5640379,-2.8569999,-0.6846038,0.20700195,0.3081753,1.4333284,-1.3588237,2.1615226,1.5424305,2.003011,-0.88729656,-2.559757,-2.5592875,-0.49498433,1.0146955,-0.9230498,-2.1128871,-0.2774261,0.74136823,0.78882146,-3.440991,-0.16187225,0.11845407
immunologic_factor,1.2986842,-1.3555557,-0.10929636,0.974668,1.0882472,-0.54685265,-1.8445604,-1.4561743,0.32394546,-1.669446,-1.6340989,1.2605155,0.8363806,-0.608265,0.48658162,-0.27793863,0.31218493,-3.492877,0.8218802,-1.3150462,-1.5663987,1.8634176,-0.6213084,1.7722409,1.4628531,-1.3839557,0.75553036,2.5987358,-3.7774546,-1.0661577,-0.679335,-0.29928133
indicator_reagent_or_diagnostic_aid,1.6879667,-0.6363564,0.25108147,1.235139,0.6859795,-1.2206286,-1.2619904,-0.6398617,1.1693752,-0.8404666,-1.8624448,-0.5363875,0.5001638,-0.66641784,1.3580188,-0.49204582,0.6518225,-3.6353297,-1.4189233,-1.6371591,-1.1246951,1.8208051,0.24561507,1.4938949,0.5510046,-1.761673,-1.4640404,-2.8718958,-2.4514537,-0.79723036,-0.31170484,2.5770428
individual_behavior,1.177357,-1.050152,-0.13213767,0.089685634,1.4856842,0.2761924,-0.8059663,-1.4314361,0.6602305,-0.9130266,-1.6427299,-0.6223885,-0.3770901,1.1222745,-0.3116107,-0.25189903,0.37145942,2.3958814,-4.9993057,-2.1625338,1.7086651,-0.29963157,1.2599941,0.79761785,-0.20596452,0.5173717,-0.6131117,-3.5599763,1.2911154,0.41718104,1.4049107,3.188168
injury_or_poisoning,2.2166853,-1.1101303,-0.21477823,1.2256479,1.4488195,0.7776222,-0.37288097,-0.6272545,0.9453408,-0.76484466,-1.1780471,0.042072687,1.0919354,-1.0017447,-0.4767614,-0.13234742,-0.43657714,0.3110464,-1.465574,1.0485133,1.4945494,-2.7028663,0.35289437,-1.2990716,-2.5628786,-0.5735113,1.0136491,-1.1465799,1.5053949,-3.2503912,2.680547,-0.1427742
inorganic_chemical,1.3774914,-0.9808889,-0.27842218,0.089436725,1.6403477,-1.413976,-1.0026356,-0.17712277,0.9504077,-0.5478604,-1.9154346,0.8437654,1.1201155,0.044955436,0.446011,-0.06498594,-0.4276048,-1.2376057,0.53788376,-2.289373,-1.2753086,0.92492056,-2.2564652,0.17290817,1.0288935,-1.6804047,0.10873359,-2.278411,-2.0838902,-1.9946767,2.0867202,1.5089667
intellectual_product,1.7162815,0.5177004,-2.4550846,0.7389849,1.4512194,-0.60654414,-1.130703,-2.1966348,-0.09467484,-0.4376051,-2.528345,-0.90503246,-0.7417916,0.12806983,0.686897,0.1741198,2.9946773,1.3726745,0.92756355,-0.030457936,-3.4373608,-0.4194524,-2.0876424,1.6209098,1.2599304,2.3934546,2.571557,1.927129,0.9805771,-0.3149889,1.5165898,3.2436035
invertebrate,1.8246433,-0.61922216,0.7226108,0.9230542,1.0642668,-0.6768093,-1.5075666,-1.2044481,-0.1377521,-1.3519709,-1.09191,-0.7985877,0.40731266,-0.39979517,0.47926188,0.5654838,-0.27846125,-0.17985286,1.696232,2.8534424,-0.8213048,0.8862122,0.7890002,2.4936306,2.6303198,0.33126867,-2.3966308,0.60554975,2.4865386,-4.562666,-3.3152583,0.76230425
laboratory_or_test_result,2.0501482,-1.5249655,0.79418594,0.3397467,1.5959364,-1.3542885,-0.65148324,-1.8862864,-2.1299021,0.51334,-1.0838096,0.6161496,0.7298651,0.10086341,-0.027841046,-0.66063035,-2.0503633,-1.0372201,0.36405644,-0.018256094,-1.3389596,-1.1011266,0.9316256,-1.2412711,2.1060154,-0.46500185,0.067966804,-1.6294883,0.40599036,-0.92826784,1.6244354,2.6038644
laboratory_procedure,0.9762618,-0.67346805,-1.349596,-0.29185307,1.1672584,-0.41054225,-1.7323242,-0.77635324,-0.66210115,-0.6496409,-2.223636,-0.33476484,0.8726493,1.7682629,-0.016289745,-0.4869584,-1.9438944,3.6281345,1.5789169,3.0149472,-0.88262236,-0.9536654,-0.36445203,2.724175,1.2518865,-1.7952802,-0.71650255,-3.5855186,-0.038587335,-2.5898097,0.053549353,1.8610445
language,2.0067492,0.057661705,0.63828427,0.6174274,2.5783,-0.3694046,-1.7088952,-2.1463757,-0.34877136,-0.58466095,-2.4225192,0.04504668,-0.85669535,-0.0795553,0.26772407,0.20054281,1.107413,-0.36479124,-1.2357702,-0.119304724,-1.991298,-1.723396,-0.21769327,0.566044,1.6215978,0.8790212,-1.8916247,-0.34405482,-0.18724471,0.0798304,1.5705956,1.1704541
lipid,2.049067,-1.5781822,-0.122878835,0.42887086,1.5830891,-0.6197513,-2.145144,0.019298756,-0.33531553,-0.22043459,-0.9457106,0.6296151,1.5487447,-0.026150113,0.7386278,0.5576761,-1.0732319,-0.5808785,4.1709943,-3.5812483,-3.1533601,-1.0366112,-0.7233226,1.4429686,2.5022328,0.20520422,0.22061089,2.776946,-2.5012634,-2.7730303,2.640131,2.0386362
machine_activity,1.7048391,-0.06333132,-0.9570911,2.0940285,1.239106,0.33094966,-1.8492111,-0.8347114,-0.67714703,-0.3602944,-2.3897636,2.0676026,0.3133634,0.5740714,0.4857926,0.12353791,-1.0965856,3.4270403,0.5242055,1.5549774,-2.7032173,-2.8305137,1.5792477,0.11527714,2.212593,-1.0589079,-1.3731035,-3.6902,0.26460904,-1.5488793,2.663696,0.85492
mammal,1.9008148,-0.5051413,-0.29533306,0.62859714,0.8183872,-0.6859276,-1.5087368,-0.78502953,0.17599896,-0.9935188,-1.6561314,0.46484116,0.66941726,-0.35433316,0.8053458,0.7514046,0.263077,-1.3172024,-2.5142655,1.1566979,-0.6423836,3.8314595,0.40770206,3.6267228,2.1466043,0.051781666,-2.1193085,2.9334497,2.4920523,-2.3323991,-1.6502335,0.46039692
manufactured_object,1.546981,-1.6398078,0.0016334198,1.6550792,1.1451467,-1.7121323,-2.1291845,-2.2976027,0.023486648,-0.4917949,-2.3251755,-0.17628504,0.07249762,-0.4808083,0.37516764,0.40403438,1.9073635,1.4496082,-0.35439926,3.025679,-2.015929,0.85869664,-0.7250746,-2.585418,0.24290283,-1.5290004,1.9948168,3.5350533,-0.59497374,0.92902035,3.1570861,3.5285072
medical_device,1.976215,-0.7017576,0.28685915,0.91082126,1.354808,-1.0472109,-1.9580048,-2.0891547,0.11621542,-0.9665872,-1.9303384,-0.72165865,-0.14746465,0.7819597,0.32717493,0.12536328,1.9420933,0.24294282,0.11846414,3.4658434,-1.3241291,-0.11564874,-0.14665021,-2.3587835,0.59584695,1.0938424,2.1544266,3.1297154,0.39302576,-1.252388,2.6845992,4.169569
mental_or_behavioral_dysfunction,1.4655334,-0.69364214,0.31705832,-0.20439588,1.202481,-0.3155483,-0.64501375,-0.5839322,-0.37191007,-0.7169389,-0.9483018,-0.5525563,0.4656315,-0.029672867,-1.1209456,-0.27223247,-0.95723814,-2.2805176,-0.93654174,0.025089096,1.9663373,-1.6377972,0.44697657,0.042375453,-2.6249013,-2.2728326,0.84053004,1.0684813,2.1498618,-2.4109476,1.613682,-0.9049392
mental_process,1.069934,-0.18211956,-1.0921664,0.028500829,1.1605157,-0.8982234,0.032147028,-0.30271226,0.5333832,0.36428794,-1.1347646,0.22217767,0.7490339,0.3959762,-0.26935926,0.07354897,-0.85217243,-1.8481424,-3.9032445,0.6372967,1.4787157,-1.8856497,-2.270256,0.8440245,1.7373956,0.50252855,0.13677536,0.1641034,1.8144387,-1.6402463,0.6776071,-0.94087964
molecular_biology_research_technique,0.9911799,-0.38779238,0.3107506,0.6767772,1.9321691,0.38033947,-1.0811999,-1.0686387,-0.5072054,-1.7144177,-2.0329096,-0.048208747,-0.02024822,0.19011702,1.0903891,0.9313611,-2.549502,3.7813268,-1.7148181,2.5848925,-2.9708698,-3.5709875,0.4254419,0.54868674,1.5881963,1.9530479,-0.67699355,-2.8583195,-0.28862634,-0.08629966,2.5573876,0.6025911
molecular_function,1.6927322,-0.32550618,-0.5199866,-0.6291089,1.1070102,-1.0200458,-0.66984683,0.0018284622,-0.7420479,-0.176426,-0.9794767,1.9644737,0.27902213,-0.1776655,-0.7200794,-0.2300975,-2.1431684,-2.1550758,1.300174,1.7898992,1.7608393,-0.24935584,-2.3335185,0.30512887,2.5083802,0.2742835,0.40463257,-2.670583,2.883919,-2.9255595,1.2314273,1.3966126
molecular_sequence,2.1758664,0.2810042,0.0455217,0.7665619,1.9931968,-0.1243624,-2.6571784,-0.23740321,0.16890532,0.112710714,-1.852091,0.24858333,-0.507297,0.4511961,1.0337875,0.42244068,0.7592502,1.3889239,-1.5073001,0.3814837,-3.3774219,-1.2903082,-0.69768316,-0.028321771,0.01851889,2.667654,-1.8583108,-4.7654557,0.2681647,-0.6792928,0.77626383,2.2999148
natural_phenomenon_or_process,1.1094435,-0.871897,0.47635186,0.6712207,2.2170517,0.37625176,-1.1809458,-2.0861478,-0.116290376,0.09783995,-1.9694687,-0.01327931,-0.69384414,0.9309829,-0.045165554,-0.22323853,0.82662064,-1.5776241,1.282284,-0.015801676,2.0795448,-2.84349,-1.8169402,0.14359981,1.2832191,-2.0916545,-0.15271136,2.658228,3.0831432,-2.2230268,0.9093942,2.345831
neoplastic_process,1.2641255,-0.53603816,0.76820964,0.013659822,1.0627378,-0.35813224,-0.40839365,-0.676423,-0.78425103,-0.10431519,-1.5189734,0.32077327,0.52844393,-0.05640116,-0.8433518,0.29551777,-0.67444813,-2.2231178,0.9783978,0.43716648,1.4911041,-2.780341,0.51949584,-0.45722714,-2.215354,-2.357651,1.2254233,-0.37918353,2.3370438,-1.7615106,0.93391305,-1.958489
neuroreactive_substance_or_biogenic_amine,2.0668805,-1.2479811,0.0145672485,1.545913,-0.40299755,-0.9561743,-2.0328417,-1.3432184,-0.084900126,-2.3422308,-2.1893334,-0.23481888,1.4995017,-0.4955809,0.15137734,-0.021682559,0.5397249,-3.2822597,-1.1170889,0.5574307,-0.3273996,0.620285,-0.30409926,1.6634138,2.76404,-0.06069089,0.6952158,-0.46309337,-4.637057,-3.5316248,-0.110315,-0.40930852
nucleic_acid_nucleoside_or_nucleotide,1.8393341,-1.5502149,-0.0075778365,0.59452283,0.6493472,-0.34779352,-1.3861891,-1.2048453,0.30744296,-1.6567117,-1.6718161,0.22659625,1.4177507,0.598145,1.4979537,0.37753674,-1.40742,-0.5192918,2.7953122,-4.225603,-2.4874184,-2.0543942,-1.1748964,0.8432582,1.1007538,-0.83049196,-1.233323,1.2096804,-1.4528224,-1.1444709,2.0301545,2.9835103
nucleotide_sequence,2.2312765,-0.26744342,-0.09879735,0.678797,2.234798,-0.121963225,-2.1574206,-0.33888492,-0.585081,-0.2341891,-1.9052885,0.8840885,-0.82791483,-1.9678656,-0.2841377,-0.18239766,0.24061975,0.7812511,-0.88310075,-0.40805212,-5.0760646,-1.767665,-0.31950217,2.3885984,2.5860982,1.7707372,-0.38082463,-2.1381125,0.6687777,-2.4276273,0.5921604,3.10287
occupation_or_discipline,1.5447907,-1.240379,-0.15105931,1.1637394,0.45475057,-1.00516,-0.8976376,0.58695555,-1.1003205,0.24585755,-0.89076936,-0.39048243,-0.79832727,0.22039753,1.838075,-0.109039165,-1.6133163,1.463415,-2.1617484,-3.0277107,-2.379195,2.4566793,-0.4393271,1.3053257,2.4799554,1.1961752,1.4543525,0.16662765,1.6669619,1.9028692,0.368887,-2.477303
occupational_activity,1.7989616,0.613571,-0.5055081,0.9195593,1.9954444,-0.35550392,-0.9703554,-1.5410513,-0.28031394,-0.04855387,-1.4836875,-0.36823165,-0.52692044,1.0018003,1.4545957,0.18443549,-2.2297175,3.497299,0.5601835,3.9936757,-2.520517,-2.514786,-0.5509182,-0.8829049,1.7302009,-2.0996156,-2.0470934,-3.563294,-0.25546014,-0.6778331,1.4282831,2.8067076
organ_or_tissue_function,1.36739,-0.3138743,-1.1394645,0.06629895,1.3022653,-0.8343224,-0.5376494,0.18818393,0.17148323,-0.123884276,-1.4646593,0.32476884,0.59750634,0.20471868,-1.400372,-0.47694117,-1.6212428,-2.1245449,-0.7186132,1.5874109,1.3036189,-0.92213225,-2.3102763,1.0613612,3.3128169,-0.43748936,0.42265025,0.4059767,3.3351066,-2.8764465,2.8194487,-0.17604122
organic_chemical,2.03758,-1.936997,0.37844458,1.803362,1.7087842,-0.25448066,-1.1648371,-0.50652516,1.1121134,-0.48756295,-1.4337888,-0.5391507,0.9755522,1.1868826,1.9936757,-0.5662614,-1.3092973,0.5752674,0.5047963,-3.408561,-3.307807,-1.7748513,-1.5636777,-0.9099839,0.72065556,-0.8040972,-0.41753036,3.1462843,-2.0383654,-0.0747821,0.98907834,2.6536815
organism,1.2330812,-0.02724861,-0.65337646,1.3489323,1.8946942,-1.4356234,-1.076184,-1.6253268,-0.48666614,0.24372697,-1.8918792,0.13262737,0.04262611,-0.073493436,-0.0813478,-0.853267,1.1316665,-0.26980954,-1.2172655,2.2054162,0.033320908,1.8710674,-0.3348954,0.933497,0.18245561,0.18038619,-3.4648864,1.7675331,3.014226,-1.6951272,-2.5674975,0.82848716
organism_attribute,0.8846542,-0.44886997,-0.6696808,1.2752261,1.7185476,-0.73899615,-2.3563643,-1.6827071,-0.0660323,-0.07316703,-1.5291966,-0.15140216,-0.519806,0.50025284,1.5765558,-0.7743054,0.19741589,-2.1518855,0.15287751,-1.7693797,0.5563612,-4.055278,0.50573117,-2.297259,1.6655277,1.488006,0.6809617,0.10962932,0.45121452,-1.4063857,-1.3801639,-0.20370048
organism_function,1.2136706,-0.5089911,-1.5770375,0.6641471,2.0793383,-0.7722928,0.24055022,-0.1112688,0.059119437,0.19775723,-1.2736431,0.5019377,0.43635654,-0.08071748,-0.7414183,0.824352,-1.62702,-2.6669698,1.7840737,1.3762776,1.9527254,-1.1624532,-2.2895513,0.8987578,3.297207,1.456193,0.5055501,-0.33965462,3.6007836,-1.9945492,2.9068747,2.0303218
organization,2.6422544,-1.6950284,-0.7377115,1.1534309,0.97209513,-0.57692176,-1.4101905,-0.31452182,-0.45011282,0.17514934,-1.9181112,-0.41076592,0.0049644653,-0.20109351,1.0062536,-0.2567978,1.0736195,4.844891,-1.6147134,2.9787257,-2.4082975,-2.155141,-1.1904035,-0.009044424,1.8224627,0.6071687,-0.126343,-1.7808001,-1.3873436,-1.4339391,2.469966,0.14790983
organophosphorus_compound,1.8486905,-0.9564021,-0.81033957,0.20533556,0.84343016,-0.3568559,-2.150497,-0.82702804,0.2152634,-0.6678504,-1.9340618,-0.472228,1.7657838,0.5599112,0.24673387,0.61353934,-0.5581481,-2.444927,-0.8823283,-2.9112809,-2.3341885,-2.2271533,-2.1092029,0.17381331,2.2465768,-2.428393,0.5682065,-1.6017016,-1.7142321,-2.0793133,0.406562,2.1058455
pathologic_function,0.96156126,-0.6718425,0.55755,0.62080866,1.4945031,-0.07894496,-0.35396,-0.85947996,0.2549207,-0.64501745,-1.5574956,-0.034671836,0.42822483,-0.6444254,-1.1710961,-0.43447724,-0.45097482,-2.2346616,0.57769,0.91995543,2.0589929,-1.7826648,-0.33062905,-1.1749622,-2.3444276,-2.3404071,0.8598333,1.3502928,2.3824031,-1.6213683,1.4401729,-0.14084403
patient_or_disabled_group,2.4595864,1.3371516,0.2118604,0.71011573,0.36733732,-0.11529095,-1.0226563,-0.7511814,-0.14764485,-0.015470284,-1.3546299,-0.41622695,-0.35922262,-0.5746234,0.28675467,-0.2226632,2.3728943,2.464741,-3.2762654,1.9337517,-0.9686425,-1.291978,1.774635,0.55141413,2.1998198,0.9258449,0.63171273,-2.1217775,-1.0152122,-3.2908964,3.243375,0.64465034
pharmacologic_substance,1.7459548,-1.5491757,-0.5808704,1.0545075,1.3830208,-1.3970708,-2.387821,-1.1527767,-0.4643518,-0.67251873,-1.4402425,-0.61582094,1.3612094,-0.54501224,0.5094952,-0.7552618,-0.09376803,-2.1150463,-0.78634584,0.66488063,-0.8062253,-0.18996735,-1.1601399,-0.6720628,0.3973517,-0.6598562,-0.8689664,-4.195753,-3.4986799,-4.2447414,1.5102568,3.8730335
phenomenon_or_process,0.9974776,-0.49831882,-0.74121594,0.6991866,1.9762604,0.8015643,-0.96247715,-1.5788337,-0.13046369,-1.1631387,-2.5338335,0.4990255,-0.07277498,0.48412085,1.1022161,-0.7524739,-0.3380285,1.5907612,-0.7883218,-0.46007752,0.56899005,-3.3297715,-1.4039369,0.16243447,0.635935,-0.25340167,-2.526319,1.2816448,3.0413077,-2.6366537,3.0068154,1.2482405
physical_object,1.5763723,-0.019053634,-0.23440644,-0.40732035,2.3623514,-0.07214263,0.07534376,-1.3106854,0.59441686,-0.6589395,-1.8928504,0.04504164,-2.2469432,0.35317984,0.6259822,-0.11060364,1.1117177,2.5629969,-2.1617897,-0.053831436,-2.527161,1.0836858,-1.0754435,-2.2622304,-0.07802738,-1.5876098,-1.5543,3.830659,-2.3098829,1.2520552,-0.78877354,0.32141867
physiologic_function,1.345145,-0.18893823,-0.27789307,0.98499453,1.0137686,-0.5949587,-0.017510202,0.50934505,0.23850448,-0.426011,-1.3057195,0.2270594,0.29404053,0.2827653,-0.27789035,0.21394572,-1.2846292,-2.1801593,-0.32752892,1.0988009,1.7851915,-0.8733736,-1.6365314,0.13158256,2.5020976,1.5733951,-0.09156462,0.52865267,3.7789354,-1.1210644,2.3816106,0.4805644
plant,2.218903,-0.2818897,-0.37767732,0.15507798,1.0725971,-0.7861923,-0.98232555,-2.4322147,-0.97961855,-0.7734309,-1.7537104,-0.13404898,-0.82618403,0.65512097,0.10471866,-0.67266846,1.0279403,-1.3424459,1.4147992,2.588015,-0.58802813,1.0540212,2.4251125,-0.62298965,1.406788,1.9331734,-0.12276145,3.3835778,3.4736893,-1.7252953,-2.3650475,-0.26011696
population_group,2.6429765,1.6448257,0.41091633,1.3010495,0.4516935,-0.5766175,-1.1428956,-0.9714347,-0.6534527,-1.8246157,-1.5281142,-0.19933362,0.37765157,0.5796562,0.72510064,-0.2589525,2.1815572,0.6162158,-2.9388995,0.89709586,-0.53988916,-2.717407,1.6828388,-0.5735509,1.2343959,2.260193,1.109953,-2.1662529,-1.5370213,-1.7771529,3.5720215,1.8816342
professional_or_occupational_group,2.2963967,1.0506163,0.44152457,0.82834136,0.50912416,-0.5251099,-1.2462996,-0.12530755,-0.3876224,-0.28274018,-1.7035123,1.4957855,-0.15074193,0.59496754,0.87324965,-0.33840242,1.161115,1.934256,-4.4005566,0.52064615,-1.2607354,-1.2344327,1.520443,-0.4040249,-0.6578138,1.4361039,1.0595617,-2.648078,-1.2102698,-1.1919407,3.6719248,1.1642047
professional_society,1.8436327,-2.6613858,-0.761331,0.5664481,1.1253579,-1.480535,-2.1695318,-0.4872471,-0.58217996,0.4096781,-2.347538,0.41344178,-0.6094369,0.10476428,0.96918684,0.48988175,0.4683357,1.7030594,-3.458193,2.3594713,-1.500262,-0.67059827,-1.6523352,-0.16891456,1.5837673,2.1643927,-0.79773027,-3.198529,-1.1241626,-0.8015418,1.9794778,0.9007443
qualitative_concept,2.5420673,1.9902717,-0.15682971,0.63460886,1.0594269,-0.8928467,-2.1234288,-0.20053402,-0.20124273,-0.83603257,-2.246469,1.0601074,-1.4679807,0.40032303,0.3156696,0.80863345,-0.72640824,2.0683303,1.2258618,0.9520116,-4.3935747,-1.6237376,0.7210788,0.14134915,-1.4747065,-0.07113634,-0.84567,1.2668242,0.093827374,-1.6797459,3.1807745,0.9057655
quantitative_concept,2.089524,-1.2282163,0.31024352,1.135844,1.1781483,0.19281058,-2.2633874,-0.2067,0.18694134,-0.29751372,-2.1289203,0.89540046,-0.6276889,1.2620077,-0.7607481,-0.102346085,0.84435296,-0.07744668,0.7598307,-0.63464355,-2.0554104,-3.7900677,-0.1965279,3.5028083,0.8994246,0.06384303,-0.6544163,3.2457778,0.74884915,-2.0248468,1.9917933,0.69321567
receptor,1.219459,-0.9680642,-0.33481798,1.7040709,1.4376663,-0.61577946,-1.713362,-1.2750303,-0.018418914,-0.6257422,-1.435434,0.29388794,0.7851994,-1.2683251,0.21123587,0.20427671,0.78382844,-3.545558,1.2031279,-0.73496896,-1.0906643,2.3759422,1.1141016,0.6795954,1.2798359,0.030082224,-0.23942697,1.3723267,-3.6609774,-2.319793,-0.012625072,2.4791381
regulation_or_law,2.1565716,1.1747113,-0.3437931,0.9379609,1.7128894,-0.52303636,-2.3547728,-0.7927482,-0.4166488,0.036678493,-1.2980494,0.026616577,-1.4424417,-0.070548415,1.0829298,-0.6971961,2.7641149,1.8099884,-3.106814,1.12133,-2.9242284,1.2525747,-0.5144016,0.33883336,-0.1640882,3.3423998,1.6486845,-0.994332,0.9079112,0.34005216,1.0095366,1.9881909
reptile,2.2647972,-0.45355165,-0.3419004,0.15068443,2.3232691,-0.73967004,-1.4467978,-1.8061508,-0.6854359,-1.4513576,-0.69625324,-0.6690858,0.9950684,0.13959432,0.16081312,0.9143136,-0.92740977,-0.9610911,1.7359357,2.7186375,0.12976195,4.9595127,0.54343957,2.3765092,2.9220486,-0.44800076,-3.0828044,4.2323265,2.5031993,-2.7085042,-0.4893052,1.6081122
research_activity,1.7591102,0.0885599,-0.53273636,0.136736,1.0945183,-0.06880831,-1.2580779,-1.3568631,-1.0627906,-0.18842778,-2.1650255,-0.45223144,0.3655754,0.1328723,1.0057755,0.7786562,-1.166577,4.6211433,-1.2345585,3.1072557,-1.5088809,-3.1621506,1.026201,0.101413466,1.8977208,1.0873985,-0.75132006,-4.238312,-0.4270797,-0.4091523,-0.21443217,0.500767
research_device,1.2647133,-0.62995803,0.1449774,0.5908011,2.4426975,-0.44458908,-2.010985,-0.926594,0.7935264,-0.71076596,-1.9742938,-0.04417516,-0.39853892,-0.16421446,0.38560018,-0.64180666,1.070257,-0.02926225,0.53979725,4.2483907,-3.3372808,1.7474444,-0.103415355,-1.056057,1.2854983,0.028813047,2.7055292,2.8580444,-0.74081814,-1.3903825,1.0960655,2.7844594
rickettsia_or_chlamydia,1.5787387,-0.27792767,0.16138068,0.28993592,0.42409658,-1.0501649,-1.1953355,-1.9475795,0.108417936,0.026711976,-2.5231364,-0.17295018,0.1113383,0.30272108,1.2888647,0.271797,-0.21175425,0.28667185,-1.0995656,2.5294487,-1.0848209,0.3689426,3.247618,1.9942472,2.8491244,-1.9817926,-0.91319066,3.9429235,4.372608,-2.8986442,-2.841284,2.4596074
self_help_or_relief_organization,2.0436287,-2.4475665,-0.151899,1.3514627,2.069398,-1.5299212,-0.76004106,-1.4589845,0.1894012,-0.07335242,-1.7533556,0.06531465,-0.48701608,-0.07336604,-0.26870337,-0.54194266,0.0045104846,3.478324,-3.0634117,2.4100182,-2.314776,-1.9341729,-1.392084,0.77755535,0.82380146,1.0176263,0.5455287,-2.3678088,-1.9302466,-1.6956508,1.99217,0.9037834
sign_or_symptom,2.1423378,-1.4539961,0.55813426,-0.62875545,2.9633842,-1.0333294,-0.614586,-1.4510074,-1.4632438,-0.2849995,-1.275503,-1.0535153,-0.51581854,-0.17754899,-0.2432518,0.62766486,-1.5634048,-0.50171,-2.1375551,0.9251984,-1.4893703,-1.9526767,1.2365626,-3.2928383,-0.03244949,1.8016263,-0.28758398,3.1121442,0.6364713,0.19412455,-0.2780248,1.2087435
social_behavior,1.156151,-1.017219,1.0744069,0.5709122,1.3158143,0.5234136,-0.51935524,-1.4255576,1.2200438,-0.436166,-2.0918086,-0.32620305,-0.23710331,0.007589018,-0.16668597,0.06343354,0.5550945,3.284797,-5.0862293,-3.0436723,0.38436377,-1.393885,2.0131693,1.7298192,-0.20592952,0.22754848,-0.6188598,-3.158147,1.3088115,-0.5126832,0.9489791,2.6316845
spatial_concept,2.0647066,0.5942694,0.26042405,2.7809584,1.4237477,1.1552064,-1.2812855,-0.93016547,-0.30924407,0.03850767,-2.0951588,-0.03247056,0.41404766,-0.24868013,0.43959734,0.383552,1.6046782,-1.0125563,-0.56903297,-0.71949965,-4.5216794,-1.0484201,-0.7379458,0.5824513,-0.19898133,-0.69093645,-0.7977678,-5.2406387,1.4248836,-2.6293821,0.09695158,2.3186777
steroid,1.4795942,-1.5603973,0.03741027,0.3564119,1.302022,-0.67811257,-1.8087467,-0.03004029,0.5750808,0.04798668,-1.6458269,0.085472524,1.1990358,0.13162048,1.5443966,0.08606361,-0.12479973,-1.204302,-0.2622422,-1.755656,-2.5131068,-1.258654,-1.6342231,0.40076262,1.0839096,0.55771387,-0.026225187,2.3086004,-2.3756251,-2.4313333,1.6698016,1.6043425
substance,2.4871569,0.0028292728,-0.3560202,1.2127092,0.2340902,0.5191328,-0.5276196,-1.0689118,2.188249,-0.9513684,-2.5915039,-0.074530646,-0.85089976,1.2587643,1.6301016,0.82969034,0.980368,1.572314,-2.7152066,-0.5270155,-2.0855875,0.5321845,-1.2889764,-2.0028937,0.94174397,-2.0616462,-0.61926174,-2.427289,-2.2337556,1.7411685,-0.71256644,0.5778462
temporal_concept,2.9332497,-0.13737576,0.013342742,2.4966648,1.5239244,0.41564757,-2.5065918,-1.3274354,-0.96540564,-1.0044103,-0.47151217,0.69598424,-1.3875642,-0.69618756,0.49401948,0.048654556,-0.4855533,-2.9852307,1.518513,3.3567972,-2.34987,-1.2301817,-2.5097048,2.0703871,5.079304,1.1264675,0.28730735,2.004333,-0.40666878,0.39680284,0.4681948,1.5874503
therapeutic_or_preventive_procedure,0.96117055,-0.26551193,-0.08900799,-0.24603759,1.0839186,-0.7181129,-1.0773617,-1.4252762,0.18713106,-0.9534079,-1.4938701,0.25178745,0.34467834,0.26756412,0.88124144,0.8143241,-1.1460798,2.25543,1.1314621,2.110607,-0.37530836,-2.672715,-0.12263196,2.1875467,1.7463833,-1.885811,0.5376583,-2.7291272,-0.049548462,0.19457214,0.23295814,0.982268
tissue,2.525668,0.26751733,0.05014169,1.3178968,0.30651012,-1.377393,-1.5532207,-0.31628165,-0.5195318,-0.68245757,-1.75202,-0.030983375,1.4015999,-0.07728856,0.11208624,-0.08810545,-0.6705279,-3.431913,1.2093546,1.2273825,-2.2289891,-1.7120973,2.772391,-0.32345712,0.4597845,1.931621,-1.7201829,-4.3121953,-2.2878892,2.4992428,0.067541115,-0.691074
vertebrate,2.352868,-0.18624942,0.53211373,0.21599542,0.31251514,-1.699706,-1.361574,-0.69031876,-0.44657058,0.11321382,-2.0436282,-0.21108663,0.39080298,-0.049526807,0.38744134,-0.6259594,1.5869222,1.9647856,-1.4781585,1.1233116,0.16145797,1.9544312,0.60458785,1.9445641,0.45686808,-0.5669196,-1.8903204,1.7657708,3.6650248,-2.3679252,-2.7043138,1.6976892
virus,1.8378246,-0.38524416,0.083728306,0.47324866,0.9338899,-1.6805373,-0.71872723,-1.0231456,-0.041443188,-1.5717875,-1.7869575,-0.62063736,0.10774931,1.0124664,0.7359515,0.39653888,0.62887037,-1.8393362,1.8898362,0.6814568,0.029792016,1.3804703,3.6446757,1.1342493,1.9561286,-1.74003,0.2375175,3.1006107,3.3972993,0.75217,-1.7880338,0.98975897
vitamin,0.9594512,-1.2801415,-0.66430193,1.3838139,1.8718133,-1.6832355,-1.9672605,-0.7780022,0.4305759,-1.624259,-1.8840649,0.61116743,0.41682285,-0.16970064,0.007689114,0.5477504,0.24962069,-3.6933365,1.3338825,-0.26030752,-1.6943763,0.66530395,0.48248282,0.9776,1.9374787,-0.14053522,0.20717041,1.7291341,-4.4908776,-3.29306,-0.64446914,2.4017084
